*.dfn
"none": c(0, 0, 0, 0); // 0, color(r, g, b, a)
"tree": c(231, 152, 182, 255); // 1
"grass": c(151, 215, 131, 255); // 2
"fence": m("fence.obj"); // 3, mesh(path)

*.world
| 16 // chunk size
^ (0, 0, 0); // position
2,2,2,2,2,2,2,2,2,2,2,2,2,2,2,2, // x = 0, y = 0
2,2,2,2,2,2,2,2,2,2,2,2,2,2,2,2, // x = 1, y = 0
2,2,2,2,2,2,2,2,2,2,2,2,2,2,2,2, .
2,2,2,2,2,2,2,2,2,2,2,2,2,2,2,2, .
2,2,2,2,2,2,2,2,2,2,2,2,2,2,2,2, .
2,2,2,2,2,2,2,2,2,2,2,2,2,2,2,2, .
2,2,2,2,2,2,2,2,2,2,2,2,2,2,2,2, .
2,2,2,2,2,2,2,2,2,2,2,2,2,2,2,2, .
2,2,2,2,2,2,2,2,2,2,2,2,2,2,2,2, .
2,2,2,2,2,2,2,2,2,2,2,2,2,2,2,2, .
2,2,2,2,2,2,2,2,2,2,2,2,2,2,2,2, .
2,2,2,2,2,2,2,2,2,2,2,2,2,2,2,2, .
2,2,2,2,2,2,2,2,2,2,2,2,2,2,2,2, .
2,2,2,2,2,2,2,2,2,2,2,2,2,2,2,2, .
2,2,2,2,2,2,2,2,2,2,2,2,2,2,2,2, .
2,2,2,2,2,2,2,2,2,2,2,2,2,2,2,2, // x = 15, y = 0
2,2,2,2,2,2,2,2,2,2,2,2,2,2,2,2, // x = 0, y = 1
.
.
.
^ (1, 0, 0);
...